8.192000e+03 3.200000e+01 5435.400000 0.000719
1.638400e+04 6.400000e+01 5451.600000 0.000717
3.276800e+04 1.280000e+02 5553.000000 0.000703
6.553600e+04 2.560000e+02 5730.800000 0.000682
1.310720e+05 5.120000e+02 5370.200000 0.000727
2.621440e+05 1.024000e+03 3811.400000 0.001025
5.242880e+05 2.048000e+03 3088.800000 0.001265
1.048576e+06 4.096000e+03 726.400000 0.005378
2.097152e+06 8.192000e+03 750.800000 0.005203
4.194304e+06 1.638400e+04 957.200000 0.004081
8.388608e+06 3.276800e+04 797.400000 0.004899
