operation: 0110.271 225.075 355.978 484.015 595.517 713.474 826.798 942.899
118.959
operation: 1103.752 216.105 325.92 1068.65 1241.75 1354.3 1468.38 1584.59
245.912
operation: 2104.276 212.267 322.271 1062.66 1218.29 1344.72 1465.59 1759.88
255.437
operation: 3104.589 221.621 365.019 492.394 614.78 753.744 867.794 983.561
127.266
operation: 4201.188 317.899 519.586 629.814 750.028 862.261 975.595 1091.35
125.672
operation: 5109.033 216.032 325.855 436.233 550.32 1183.53 1297.3 1412.95
209.809
operation: 6103.697 217.167 405.003 559.091 684.41 808.125 927.053 1043.01
136.103
operation: 7102.978 210.906 320.807 431.425 591.102 1048.19 1174.5 1291.42
189.943
operation: 8103.335 210.544 322.129 442.84 569.69 707.117 828.299 944.518
123.174
operation: 9103.609 211.964 321.765 438.969 553.146 690.483 804.394 930.061
118.861
